        0.00000000000000000189        0.00000000004286282266        0.00000000000184621623        0.00000000000052477733        0.00000000000036091858        0.00000000000021812201        0.00000000000014343591        0.00000000000013280898        0.00000000000017980422        0.00000000000021553275        0.00000000000017866216        0.00000000000020354042        0.00000000000034182167        0.00000000000071964528        0.00000000000214467375        0.00000000004277701675
        0.00000000004286282266        0.00000000000000000086        0.00000000004284387929        0.00000000000194999202        0.00000000000067980502        0.00000000000034571684        0.00000000000019498646        0.00000000000014340418        0.00000000000016409510        0.00000000000018889045        0.00000000000014596795        0.00000000000013819013        0.00000000000019700681        0.00000000000034932740        0.00000000000063238378        0.00000000000188935576
        0.00000000000184621623        0.00000000004284387929        0.00000000000000000161        0.00000000004267575889        0.00000000000223579057        0.00000000000072745001        0.00000000000034569015        0.00000000000021804556        0.00000000000021860068        0.00000000000024265812        0.00000000000017639360        0.00000000000013655150        0.00000000000015625162        0.00000000000024225742        0.00000000000036334264        0.00000000000049007640
        0.00000000000052477733        0.00000000000194999202        0.00000000004267575889        0.00000000000000000119        0.00000000004277966524        0.00000000000223785844        0.00000000000068061594        0.00000000000036126327        0.00000000000033618853        0.00000000000036685568        0.00000000000026101147        0.00000000000018612227        0.00000000000018917276        0.00000000000027104468        0.00000000000038454270        0.00000000000036944536
        0.00000000000036091858        0.00000000000067980502        0.00000000000223579057        0.00000000004277966524       -0.00000000000000000413        0.00000000004272571998        0.00000000000194975454        0.00000000000052455317        0.00000000000036933193        0.00000000000038442292        0.00000000000027094083        0.00000000000018903503        0.00000000000018600468        0.00000000000026075354        0.00000000000036646480        0.00000000000033583412
        0.00000000000021812201        0.00000000000034571684        0.00000000000072745001        0.00000000000223785844        0.00000000004272571998       -0.00000000000000000299        0.00000000004284373968        0.00000000000184593808        0.00000000000049024868        0.00000000000036347708        0.00000000000024234555        0.00000000000015627505        0.00000000000013661128        0.00000000000017642927        0.00000000000024269420        0.00000000000021864192
        0.00000000000014343591        0.00000000000019498646        0.00000000000034569015        0.00000000000068061594        0.00000000000194975454        0.00000000004284373968       -0.00000000000000000256        0.00000000004281102787        0.00000000000189044502        0.00000000000063243166        0.00000000000034935367        0.00000000000019697775        0.00000000000013821221        0.00000000000014596148        0.00000000000018887396        0.00000000000016409165
        0.00000000000013280898        0.00000000000014340418        0.00000000000021804556        0.00000000000036126327        0.00000000000052455317        0.00000000000184593808        0.00000000004281102787        0.00000000000000000007        0.00000000004277698923        0.00000000000214358343        0.00000000000071951219        0.00000000000034169591        0.00000000000020352596        0.00000000000017860652        0.00000000000021545448        0.00000000000017975268
        0.00000000000017980422        0.00000000000016409510        0.00000000000021860068        0.00000000000033618853        0.00000000000036933193        0.00000000000049024868        0.00000000000189044502        0.00000000004277698923       -0.00000000000000000124        0.00000000004275125246        0.00000000000227957865        0.00000000000070733171        0.00000000000035533837        0.00000000000028085235        0.00000000000032591762        0.00000000000026659812
        0.00000000000021553275        0.00000000000018889045        0.00000000000024265812        0.00000000000036685568        0.00000000000038442292        0.00000000000036347708        0.00000000000063243166        0.00000000000214358343        0.00000000004275125246       -0.00000000000000000200        0.00000000004275182437        0.00000000000204044213        0.00000000000057498389        0.00000000000036335394        0.00000000000040160983        0.00000000000032594217
        0.00000000000017866216        0.00000000000014596795        0.00000000000017639360        0.00000000000026101147        0.00000000000027094083        0.00000000000024234555        0.00000000000034935367        0.00000000000071951219        0.00000000000227957865        0.00000000004275182437       -0.00000000000000000016        0.00000000004274210007        0.00000000000185747041        0.00000000000047542050        0.00000000000036333610        0.00000000000028085525
        0.00000000000020354042        0.00000000000013819013        0.00000000000013655150        0.00000000000018612227        0.00000000000018903503        0.00000000000015627505        0.00000000000019697775        0.00000000000034169591        0.00000000000070733171        0.00000000000204044213        0.00000000004274210007       -0.00000000000000000060        0.00000000004289433508        0.00000000000185631158        0.00000000000057478658        0.00000000000035524279
        0.00000000000034182167        0.00000000000019700681        0.00000000000015625162        0.00000000000018917276        0.00000000000018600468        0.00000000000013661128        0.00000000000013821221        0.00000000000020352596        0.00000000000035533837        0.00000000000057498389        0.00000000000185747041        0.00000000004289433508       -0.00000000000000000001        0.00000000004279382339        0.00000000000204068184        0.00000000000070734242
        0.00000000000071964528        0.00000000000034932740        0.00000000000024225742        0.00000000000027104468        0.00000000000026075354        0.00000000000017642927        0.00000000000014596148        0.00000000000017860652        0.00000000000028085235        0.00000000000036335394        0.00000000000047542050        0.00000000000185631158        0.00000000004279382339        0.00000000000000000037        0.00000000004275179479        0.00000000000227915081
        0.00000000000214467375        0.00000000000063238378        0.00000000000036334264        0.00000000000038454270        0.00000000000036646480        0.00000000000024269420        0.00000000000018887396        0.00000000000021545448        0.00000000000032591762        0.00000000000040160983        0.00000000000036333610        0.00000000000057478658        0.00000000000204068184        0.00000000004275179479        0.00000000000000000164        0.00000000004269941023
        0.00000000004277701675        0.00000000000188935576        0.00000000000049007640        0.00000000000036944536        0.00000000000033583412        0.00000000000021864192        0.00000000000016409165        0.00000000000017975268        0.00000000000026659812        0.00000000000032594217        0.00000000000028085525        0.00000000000035524279        0.00000000000070734242        0.00000000000227915081        0.00000000004269941023       -0.00000000000000000014
