       -0.00000000000000000108        0.00000000004302425382        0.00000000000197590616        0.00000000000049126675        0.00000000000023664995        0.00000000000016103041        0.00000000000012862497        0.00000000000011368365        0.00000000000010925274        0.00000000000011369806        0.00000000000012863111        0.00000000000016102280        0.00000000000023666101        0.00000000000049149310        0.00000000000197781903        0.00000000004304436880
        0.00000000004302425382       -0.00000000000000000058        0.00000000004341851995        0.00000000000197872420        0.00000000000049201472        0.00000000000023704952        0.00000000000016128973        0.00000000000012882583        0.00000000000011387037        0.00000000000010945177        0.00000000000011388949        0.00000000000012883879        0.00000000000016129430        0.00000000000023710775        0.00000000000049229903        0.00000000000197951561
        0.00000000000197590616        0.00000000004341851995       -0.00000000000000000267        0.00000000004355426582        0.00000000000197817217        0.00000000000049184480        0.00000000000023691638        0.00000000000016118500        0.00000000000012874920        0.00000000000011381905        0.00000000000010938320        0.00000000000011380731        0.00000000000012875101        0.00000000000016121231        0.00000000000023696439        0.00000000000049191123
        0.00000000000049126675        0.00000000000197872420        0.00000000004355426582        0.00000000000000000035        0.00000000004341339679        0.00000000000197826276        0.00000000000049179210        0.00000000000023688905        0.00000000000016117837        0.00000000000012876494        0.00000000000011381411        0.00000000000010937085        0.00000000000011380105        0.00000000000012876857        0.00000000000016122307        0.00000000000023698730
        0.00000000000023664995        0.00000000000049201472        0.00000000000197817217        0.00000000004341339679       -0.00000000000000000175        0.00000000004339412545        0.00000000000197794868        0.00000000000049176019        0.00000000000023689018        0.00000000000016120543        0.00000000000012876426        0.00000000000011380614        0.00000000000010937039        0.00000000000011382180        0.00000000000012878163        0.00000000000016124905
        0.00000000000016103041        0.00000000000023704952        0.00000000000049184480        0.00000000000197826276        0.00000000004339412545       -0.00000000000000000112        0.00000000004340544054        0.00000000000197823985        0.00000000000049180782        0.00000000000023694746        0.00000000000016121369        0.00000000000012876260        0.00000000000011381237        0.00000000000010939593        0.00000000000011383799        0.00000000000012880820
        0.00000000000012862497        0.00000000000016128973        0.00000000000023691638        0.00000000000049179210        0.00000000000197794868        0.00000000004340544054        0.00000000000000000013        0.00000000004345462158        0.00000000000197808272        0.00000000000049188116        0.00000000000023693613        0.00000000000016119806        0.00000000000012875871        0.00000000000011382814        0.00000000000010939939        0.00000000000011384847
        0.00000000000011368365        0.00000000000012882583        0.00000000000016118500        0.00000000000023688905        0.00000000000049176019        0.00000000000197823985        0.00000000004345462158       -0.00000000000000000225        0.00000000004344165507        0.00000000000197849100        0.00000000000049182357        0.00000000000023689558        0.00000000000016118091        0.00000000000012876636        0.00000000000011382242        0.00000000000010940144
        0.00000000000010925274        0.00000000000011387037        0.00000000000012874920        0.00000000000016117837        0.00000000000023689018        0.00000000000049180782        0.00000000000197808272        0.00000000004344165507       -0.00000000000000000031        0.00000000004339386707        0.00000000000197789838        0.00000000000049174016        0.00000000000023687753        0.00000000000016119681        0.00000000000012876580        0.00000000000011383009
        0.00000000000011369806        0.00000000000010945177        0.00000000000011381905        0.00000000000012876494        0.00000000000016120543        0.00000000000023694746        0.00000000000049188116        0.00000000000197849100        0.00000000004339386707        0.00000000000000000064        0.00000000004340543966        0.00000000000197823953        0.00000000000049180741        0.00000000000023694845        0.00000000000016122426        0.00000000000012879642
        0.00000000000012863111        0.00000000000011388949        0.00000000000010938320        0.00000000000011381411        0.00000000000012876426        0.00000000000016121369        0.00000000000023693613        0.00000000000049182357        0.00000000000197789838        0.00000000004340543966       -0.00000000000000000180        0.00000000004345462189        0.00000000000197808318        0.00000000000049188284        0.00000000000023694922        0.00000000000016123820
        0.00000000000016102280        0.00000000000012883879        0.00000000000011380731        0.00000000000010937085        0.00000000000011380614        0.00000000000012876260        0.00000000000016119806        0.00000000000023689558        0.00000000000049174016        0.00000000000197823953        0.00000000004345462189       -0.00000000000000000118        0.00000000004344165593        0.00000000000197849271        0.00000000000049184089        0.00000000000023694638
        0.00000000000023666101        0.00000000000016129430        0.00000000000012875101        0.00000000000011380105        0.00000000000010937039        0.00000000000011381237        0.00000000000012875871        0.00000000000016118091        0.00000000000023687753        0.00000000000049180741        0.00000000000197808318        0.00000000004344165593        0.00000000000000000284        0.00000000004339387095        0.00000000000197792902        0.00000000000049180346
        0.00000000000049149310        0.00000000000023710775        0.00000000000016121231        0.00000000000012876857        0.00000000000011382180        0.00000000000010939593        0.00000000000011382814        0.00000000000012876636        0.00000000000016119681        0.00000000000023694845        0.00000000000049188284        0.00000000000197849271        0.00000000004339387095        0.00000000000000000028        0.00000000004340552578        0.00000000000197826042
        0.00000000000197781903        0.00000000000049229903        0.00000000000023696439        0.00000000000016122307        0.00000000000012878163        0.00000000000011383799        0.00000000000010939939        0.00000000000011382242        0.00000000000012876580        0.00000000000016122426        0.00000000000023694922        0.00000000000049184089        0.00000000000197792902        0.00000000004340552578       -0.00000000000000000263        0.00000000004344703789
        0.00000000004304436880        0.00000000000197951561        0.00000000000049191123        0.00000000000023698730        0.00000000000016124905        0.00000000000012880820        0.00000000000011384847        0.00000000000010940144        0.00000000000011383009        0.00000000000012879642        0.00000000000016123820        0.00000000000023694638        0.00000000000049180346        0.00000000000197826042        0.00000000004344703789        0.00000000000000000071
