       -0.00000000000000000236        0.00000000004265892162        0.00000000000189294138        0.00000000000048055265        0.00000000000026984783        0.00000000000021829260        0.00000000000020083266        0.00000000000019539446        0.00000000000019463622        0.00000000000019755135        0.00000000000020828859        0.00000000000023334498        0.00000000000029171591        0.00000000000050474106        0.00000000000191860673        0.00000000004296340090
        0.00000000004265892162       -0.00000000000000000148        0.00000000004264071635        0.00000000000188565332        0.00000000000047214145        0.00000000000026308193        0.00000000000021633477        0.00000000000020281875        0.00000000000019877594        0.00000000000019959563        0.00000000000020783937        0.00000000000022699307        0.00000000000026037463        0.00000000000031992300        0.00000000000052185983        0.00000000000191733636
        0.00000000000189294138        0.00000000004264071635       -0.00000000000000000389        0.00000000004275292899        0.00000000000189653881        0.00000000000047095898        0.00000000000025796698        0.00000000000021099773        0.00000000000019713712        0.00000000000019398999        0.00000000000019970416        0.00000000000021578797        0.00000000000024237917        0.00000000000027521833        0.00000000000031983443        0.00000000000050432827
        0.00000000000048055265        0.00000000000188565332        0.00000000004275292899        0.00000000000000000035        0.00000000004297013449        0.00000000000191062534        0.00000000000046864661        0.00000000000024810567        0.00000000000019737182        0.00000000000018292695        0.00000000000018356305        0.00000000000019574346        0.00000000000021762650        0.00000000000024236100        0.00000000000026025868        0.00000000000029134913
        0.00000000000026984783        0.00000000000047214145        0.00000000000189653881        0.00000000004297013449        0.00000000000000000118        0.00000000004272596457        0.00000000000191704204        0.00000000000046280076        0.00000000000023599898        0.00000000000018372701        0.00000000000017226476        0.00000000000017840283        0.00000000000019555065        0.00000000000021555768        0.00000000000022665221        0.00000000000023275976
        0.00000000000021829260        0.00000000000026308193        0.00000000000047095898        0.00000000000191062534        0.00000000004272596457       -0.00000000000000000086        0.00000000004273716736        0.00000000000191414068        0.00000000000045457162        0.00000000000022724884        0.00000000000017822062        0.00000000000017203554        0.00000000000018315199        0.00000000000019924426        0.00000000000020726213        0.00000000000020747204
        0.00000000000020083266        0.00000000000021633477        0.00000000000025796698        0.00000000000046864661        0.00000000000191704204        0.00000000004273716736        0.00000000000000000104        0.00000000004281804313        0.00000000000190737377        0.00000000000045012159        0.00000000000022713427        0.00000000000018345931        0.00000000000018256702        0.00000000000019363168        0.00000000000019913441        0.00000000000019684872
        0.00000000000019539446        0.00000000000020281875        0.00000000000021099773        0.00000000000024810567        0.00000000000046280076        0.00000000000191414068        0.00000000004281804313        0.00000000000000000070        0.00000000004300289670        0.00000000000190624931        0.00000000000045413058        0.00000000000023568122        0.00000000000019719883        0.00000000000019710435        0.00000000000019868842        0.00000000000019430387
        0.00000000000019463622        0.00000000000019877594        0.00000000000019713712        0.00000000000019737182        0.00000000000023599898        0.00000000000045457162        0.00000000000190737377        0.00000000004300289670        0.00000000000000000037        0.00000000004272931135        0.00000000000191362904        0.00000000000046243369        0.00000000000024821642        0.00000000000021147277        0.00000000000020332418        0.00000000000019565810
        0.00000000000019755135        0.00000000000019959563        0.00000000000019398999        0.00000000000018292695        0.00000000000018372701        0.00000000000022724884        0.00000000000045012159        0.00000000000190624931        0.00000000004272931135        0.00000000000000000108        0.00000000004273582388        0.00000000000191615703        0.00000000000046873634        0.00000000000025868604        0.00000000000021717983        0.00000000000020145387
        0.00000000000020828859        0.00000000000020783937        0.00000000000019970416        0.00000000000018356305        0.00000000000017226476        0.00000000000017822062        0.00000000000022713427        0.00000000000045413058        0.00000000000191362904        0.00000000004273582388        0.00000000000000000143        0.00000000004281380357        0.00000000000191068349        0.00000000000047173223        0.00000000000026400319        0.00000000000021900184
        0.00000000000023334498        0.00000000000022699307        0.00000000000021578797        0.00000000000019574346        0.00000000000017840283        0.00000000000017203554        0.00000000000018345931        0.00000000000023568122        0.00000000000046243369        0.00000000000191615703        0.00000000004281380357        0.00000000000000000374        0.00000000004298028006        0.00000000000189717208        0.00000000000047275263        0.00000000000027026678
        0.00000000000029171591        0.00000000000026037463        0.00000000000024237917        0.00000000000021762650        0.00000000000019555065        0.00000000000018315199        0.00000000000018256702        0.00000000000019719883        0.00000000000024821642        0.00000000000046873634        0.00000000000191068349        0.00000000004298028006       -0.00000000000000000039        0.00000000004266432835        0.00000000000188572957        0.00000000000048057566
        0.00000000000050474106        0.00000000000031992300        0.00000000000027521833        0.00000000000024236100        0.00000000000021555768        0.00000000000019924426        0.00000000000019363168        0.00000000000019710435        0.00000000000021147277        0.00000000000025868604        0.00000000000047173223        0.00000000000189717208        0.00000000004266432835       -0.00000000000000000236        0.00000000004263970267        0.00000000000189249006
        0.00000000000191860673        0.00000000000052185983        0.00000000000031983443        0.00000000000026025868        0.00000000000022665221        0.00000000000020726213        0.00000000000019913441        0.00000000000019868842        0.00000000000020332418        0.00000000000021717983        0.00000000000026400319        0.00000000000047275263        0.00000000000188572957        0.00000000004263970267        0.00000000000000000101        0.00000000004274715870
        0.00000000004296340090        0.00000000000191733636        0.00000000000050432827        0.00000000000029134913        0.00000000000023275976        0.00000000000020747204        0.00000000000019684872        0.00000000000019430387        0.00000000000019565810        0.00000000000020145387        0.00000000000021900184        0.00000000000027026678        0.00000000000048057566        0.00000000000189249006        0.00000000004274715870        0.00000000000000000088
