        0.00000000000000000258        0.00000000005735876606        0.00000000000426122740        0.00000000000186760502        0.00000000000124705442        0.00000000000098488774        0.00000000000085051864        0.00000000000078353006        0.00000000000076314423        0.00000000000078352800        0.00000000000085056580        0.00000000000098481090        0.00000000000124717530        0.00000000000186756680        0.00000000000426148613        0.00000000005734704882
        0.00000000005735876606       -0.00000000000000000212        0.00000000004237900213        0.00000000000169341173        0.00000000000033304194        0.00000000000013070656        0.00000000000008073927        0.00000000000006150636        0.00000000000005253193        0.00000000000004877528        0.00000000000004875825        0.00000000000005250904        0.00000000000006238584        0.00000000000009159610        0.00000000000023513744        0.00000000000135323295
        0.00000000000426122740        0.00000000004237900213       -0.00000000000000000063        0.00000000004286291172        0.00000000000186935353        0.00000000000041120463        0.00000000000017131041        0.00000000000010377615        0.00000000000007515341        0.00000000000006058179        0.00000000000005319059        0.00000000000005050880        0.00000000000005205548        0.00000000000005971305        0.00000000000008628697        0.00000000000023506694
        0.00000000000186760502        0.00000000000169341173        0.00000000004286291172       -0.00000000000000000090        0.00000000004300927717        0.00000000000191453361        0.00000000000043771385        0.00000000000018812012        0.00000000000011492229        0.00000000000008268674        0.00000000000006571896        0.00000000000005658430        0.00000000000005258539        0.00000000000005302061        0.00000000000005971150        0.00000000000009158336
        0.00000000000124705442        0.00000000000033304194        0.00000000000186935353        0.00000000004300927717       -0.00000000000000000070        0.00000000004302406340        0.00000000000193067437        0.00000000000044874137        0.00000000000019569609        0.00000000000012004939        0.00000000000008611326        0.00000000000006780271        0.00000000000005758261        0.00000000000005257806        0.00000000000005204713        0.00000000000006237096
        0.00000000000098488774        0.00000000000013070656        0.00000000000041120463        0.00000000000191453361        0.00000000004302406340        0.00000000000000000344        0.00000000004304619812        0.00000000000193812093        0.00000000000045403205        0.00000000000019910373        0.00000000000012216726        0.00000000000008710576        0.00000000000006781398        0.00000000000005658485        0.00000000000005050964        0.00000000000005250616
        0.00000000000085051864        0.00000000000008073927        0.00000000000017131041        0.00000000000043771385        0.00000000000193067437        0.00000000004304619812       -0.00000000000000000030        0.00000000004298939529        0.00000000000194267871        0.00000000000045610238        0.00000000000020012501        0.00000000000012215190        0.00000000000008611672        0.00000000000006571103        0.00000000000005318452        0.00000000000004875026
        0.00000000000078353006        0.00000000000006150636        0.00000000000010377615        0.00000000000018812012        0.00000000000044874137        0.00000000000193812093        0.00000000004298939529       -0.00000000000000000025        0.00000000004306379759        0.00000000000194251398        0.00000000000045603687        0.00000000000019908097        0.00000000000012006029        0.00000000000008268137        0.00000000000006057806        0.00000000000004877077
        0.00000000000076314423        0.00000000000005253193        0.00000000000007515341        0.00000000000011492229        0.00000000000019569609        0.00000000000045403205        0.00000000000194267871        0.00000000004306379759        0.00000000000000000284        0.00000000004304323124        0.00000000000194189549        0.00000000000045393122        0.00000000000019571235        0.00000000000011491314        0.00000000000007514887        0.00000000000005252819
        0.00000000000078352800        0.00000000000004877528        0.00000000000006058179        0.00000000000008268674        0.00000000000012004939        0.00000000000019910373        0.00000000000045610238        0.00000000000194251398        0.00000000004304323124       -0.00000000000000000275        0.00000000004305148829        0.00000000000193802170        0.00000000000044884543        0.00000000000018810593        0.00000000000010377005        0.00000000000006150378
        0.00000000000085056580        0.00000000000004875825        0.00000000000005319059        0.00000000000006571896        0.00000000000008611326        0.00000000000012216726        0.00000000000020012501        0.00000000000045603687        0.00000000000194189549        0.00000000004305148829       -0.00000000000000000130        0.00000000004298433974        0.00000000000193171008        0.00000000000043772132        0.00000000000017131157        0.00000000000008074393
        0.00000000000098481090        0.00000000000005250904        0.00000000000005050880        0.00000000000005658430        0.00000000000006780271        0.00000000000008710576        0.00000000000012215190        0.00000000000019908097        0.00000000000045393122        0.00000000000193802170        0.00000000004298433974       -0.00000000000000000111        0.00000000004304538148        0.00000000000191370749        0.00000000000041108074        0.00000000000013069330
        0.00000000000124717530        0.00000000000006238584        0.00000000000005205548        0.00000000000005258539        0.00000000000005758261        0.00000000000006781398        0.00000000000008611672        0.00000000000012006029        0.00000000000019571235        0.00000000000044884543        0.00000000000193171008        0.00000000004304538148        0.00000000000000000242        0.00000000004299836461        0.00000000000186928976        0.00000000000033308604
        0.00000000000186756680        0.00000000000009159610        0.00000000000005971305        0.00000000000005302061        0.00000000000005257806        0.00000000000005658485        0.00000000000006571103        0.00000000000008268137        0.00000000000011491314        0.00000000000018810593        0.00000000000043772132        0.00000000000191370749        0.00000000004299836461       -0.00000000000000000084        0.00000000004292539551        0.00000000000169343177
        0.00000000000426148613        0.00000000000023513744        0.00000000000008628697        0.00000000000005971150        0.00000000000005204713        0.00000000000005050964        0.00000000000005318452        0.00000000000006057806        0.00000000000007514887        0.00000000000010377005        0.00000000000017131157        0.00000000000041108074        0.00000000000186928976        0.00000000004292539551       -0.00000000000000000134        0.00000000004231729097
        0.00000000005734704882        0.00000000000135323295        0.00000000000023506694        0.00000000000009158336        0.00000000000006237096        0.00000000000005250616        0.00000000000004875026        0.00000000000004877077        0.00000000000005252819        0.00000000000006150378        0.00000000000008074393        0.00000000000013069330        0.00000000000033308604        0.00000000000169343177        0.00000000004231729097        0.00000000000000000234
