       -0.00000000000000000142        0.00000000004278659590        0.00000000000181624377        0.00000000000038219726        0.00000000000015206001        0.00000000000008870673        0.00000000000006157204        0.00000000000004685917        0.00000000000056321077        0.00000000000022142949        0.00000000000005504854        0.00000000000006063000        0.00000000000008779791        0.00000000000023304196        0.00000000000210394206        0.00000000004466200669
        0.00000000004278659590       -0.00000000000000000164        0.00000000004298927648        0.00000000000190161578        0.00000000000042732193        0.00000000000017695669        0.00000000000010049420        0.00000000000006155842        0.00000000000048561625        0.00000000000018788351        0.00000000000004449594        0.00000000000004546198        0.00000000000005408561        0.00000000000008403346        0.00000000000057168109        0.00000000000272541443
        0.00000000000181624377        0.00000000004298927648        0.00000000000000000278        0.00000000004296485142        0.00000000000192214116        0.00000000000043672774        0.00000000000017697432        0.00000000000008869475        0.00000000000047174472        0.00000000000017883885        0.00000000000004029830        0.00000000000003896353        0.00000000000004254891        0.00000000000005371865        0.00000000000030179376        0.00000000000099197783
        0.00000000000038219726        0.00000000000190161578        0.00000000004296485142       -0.00000000000000000125        0.00000000004303635597        0.00000000000192265487        0.00000000000042745931        0.00000000000015206002        0.00000000000051106626        0.00000000000018823621        0.00000000000004007773        0.00000000000003675266        0.00000000000003779467        0.00000000000004372749        0.00000000000022041573        0.00000000000063139524
        0.00000000000015206001        0.00000000000042732193        0.00000000000192214116        0.00000000004303635597        0.00000000000000000052        0.00000000004301633856        0.00000000000190171353        0.00000000000038213327        0.00000000000063145948        0.00000000000022063974        0.00000000000004371613        0.00000000000003778223        0.00000000000003675692        0.00000000000004008017        0.00000000000018800444        0.00000000000051091645
        0.00000000000008870673        0.00000000000017695669        0.00000000000043672774        0.00000000000192265487        0.00000000004301633856        0.00000000000000000094        0.00000000004298915274        0.00000000000181590429        0.00000000000099210521        0.00000000000030207691        0.00000000000005370649        0.00000000000004253297        0.00000000000003896725        0.00000000000004029998        0.00000000000017861553        0.00000000000047159909
        0.00000000000006157204        0.00000000000010049420        0.00000000000017697432        0.00000000000042745931        0.00000000000190171353        0.00000000004298915274       -0.00000000000000000065        0.00000000004273483447        0.00000000000272664647        0.00000000000057214393        0.00000000000008403105        0.00000000000005406654        0.00000000000004546465        0.00000000000004449752        0.00000000000018764583        0.00000000000048545935
        0.00000000000004685917        0.00000000000006155842        0.00000000000008869475        0.00000000000015206002        0.00000000000038213327        0.00000000000181590429        0.00000000004273483447        0.00000000000000000179        0.00000000004466183025        0.00000000000210367350        0.00000000000023298566        0.00000000000008774213        0.00000000000006061388        0.00000000000005503231        0.00000000000022107516        0.00000000000056283433
        0.00000000000056321077        0.00000000000048561625        0.00000000000047174472        0.00000000000051106626        0.00000000000063145948        0.00000000000099210521        0.00000000000272664647        0.00000000004466183025       -0.00000000000000000337        0.00000000015568812580        0.00000000000434244945        0.00000000000184989683        0.00000000000126759825        0.00000000000110305765        0.00000000000426734145        0.00000000001073697259
        0.00000000000022142949        0.00000000000018788351        0.00000000000017883885        0.00000000000018823621        0.00000000000022063974        0.00000000000030207691        0.00000000000057214393        0.00000000000210367350        0.00000000015568812580       -0.00000000000000000156        0.00000000004257563805        0.00000000000202072184        0.00000000000065257515        0.00000000000045807438        0.00000000000169995986        0.00000000000427128514
        0.00000000000005504854        0.00000000000004449594        0.00000000000004029830        0.00000000000004007773        0.00000000000004371613        0.00000000000005370649        0.00000000000008403105        0.00000000000023298566        0.00000000000434244945        0.00000000004257563805       -0.00000000000000000006        0.00000000004245777654        0.00000000000164934302        0.00000000000029783587        0.00000000000045751373        0.00000000000110260295
        0.00000000000006063000        0.00000000000004546198        0.00000000000003896353        0.00000000000003675266        0.00000000000003778223        0.00000000000004253297        0.00000000000005406654        0.00000000000008774213        0.00000000000184989683        0.00000000000202072184        0.00000000004245777654        0.00000000000000000278        0.00000000004266928056        0.00000000000164828251        0.00000000000065191319        0.00000000000126695860
        0.00000000000008779791        0.00000000000005408561        0.00000000000004254891        0.00000000000003779467        0.00000000000003675692        0.00000000000003896725        0.00000000000004546465        0.00000000000006061388        0.00000000000126759825        0.00000000000065257515        0.00000000000164934302        0.00000000004266928056        0.00000000000000000113        0.00000000004250964658        0.00000000000202074198        0.00000000000184923866
        0.00000000000023304196        0.00000000000008403346        0.00000000000005371865        0.00000000000004372749        0.00000000000004008017        0.00000000000004029998        0.00000000000004449752        0.00000000000005503231        0.00000000000110305765        0.00000000000045807438        0.00000000000029783587        0.00000000000164828251        0.00000000004250964658       -0.00000000000000000049        0.00000000004257986837        0.00000000000433497415
        0.00000000000210394206        0.00000000000057168109        0.00000000000030179376        0.00000000000022041573        0.00000000000018800444        0.00000000000017861553        0.00000000000018764583        0.00000000000022107516        0.00000000000426734145        0.00000000000169995986        0.00000000000045751373        0.00000000000065191319        0.00000000000202074198        0.00000000004257986837        0.00000000000000000428        0.00000000015556871344
        0.00000000004466200669        0.00000000000272541443        0.00000000000099197783        0.00000000000063139524        0.00000000000051091645        0.00000000000047159909        0.00000000000048545935        0.00000000000056283433        0.00000000001073697259        0.00000000000427128514        0.00000000000110260295        0.00000000000126695860        0.00000000000184923866        0.00000000000433497415        0.00000000015556871344       -0.00000000000000000679
