        0.00000000000000000144        0.00000000004305733100        0.00000000000195259106        0.00000000000045644327        0.00000000000016991504        0.00000000000045860942        0.00000000000006947441        0.00000000000004030999        0.00000000000003924606        0.00000000000006326190        0.00000000000039923733        0.00000000000010471730        0.00000000000020512064        0.00000000000046854333        0.00000000000195876615        0.00000000004308007572
        0.00000000004305733100       -0.00000000000000000061        0.00000000004305866971        0.00000000000193381938        0.00000000000040272699        0.00000000000059894694        0.00000000000008436438        0.00000000000004516251        0.00000000000004143806        0.00000000000006324071        0.00000000000038229862        0.00000000000007657553        0.00000000000012985130        0.00000000000021309343        0.00000000000047127952        0.00000000000195760011
        0.00000000000195259106        0.00000000004305866971        0.00000000000000000160        0.00000000004296494405        0.00000000000183953662        0.00000000000099417835        0.00000000000012443054        0.00000000000005673002        0.00000000000004782762        0.00000000000006890986        0.00000000000040057332        0.00000000000006127307        0.00000000000009497635        0.00000000000013444088        0.00000000000021311828        0.00000000000046844920
        0.00000000000045644327        0.00000000000193381938        0.00000000004296494405       -0.00000000000000000127        0.00000000004280912161        0.00000000000283786856        0.00000000000029288310        0.00000000000008960224        0.00000000000006207842        0.00000000000008259698        0.00000000000046130119        0.00000000000005139800        0.00000000000007333137        0.00000000000009497893        0.00000000000012986590        0.00000000000020509325
        0.00000000000016991504        0.00000000000040272699        0.00000000000183953662        0.00000000004280912161        0.00000000000000000014        0.00000000004579867894        0.00000000000145751800        0.00000000000023904539        0.00000000000009783420        0.00000000000010822921        0.00000000000057327011        0.00000000000004057535        0.00000000000005142756        0.00000000000006131082        0.00000000000007662767        0.00000000000010476261
        0.00000000000045860942        0.00000000000059894694        0.00000000000099417835        0.00000000000283786856        0.00000000004579867894        0.00000000000000000222        0.00000000007694743641        0.00000000000652450048        0.00000000000334581807        0.00000000000376940597        0.00000000001931583933        0.00000000000057224082        0.00000000000046078457        0.00000000000040021789        0.00000000000038200787        0.00000000000039884469
        0.00000000000006947441        0.00000000000008436438        0.00000000000012443054        0.00000000000029288310        0.00000000000145751800        0.00000000007694743641       -0.00000000000000000171        0.00000000004127036749        0.00000000000180008782        0.00000000000085633111        0.00000000000379230098        0.00000000000010870912        0.00000000000008304040        0.00000000000006931172        0.00000000000006363170        0.00000000000006365345
        0.00000000000004030999        0.00000000000004516251        0.00000000000005673002        0.00000000000008960224        0.00000000000023904539        0.00000000000652450048        0.00000000004127036749        0.00000000000000000307        0.00000000004163803160        0.00000000000179488573        0.00000000000334381504        0.00000000000009763118        0.00000000000006198403        0.00000000000004777404        0.00000000000004140416        0.00000000000003921320
        0.00000000000003924606        0.00000000000004143806        0.00000000000004782762        0.00000000000006207842        0.00000000000009783420        0.00000000000334581807        0.00000000000180008782        0.00000000004163803160       -0.00000000000000000125        0.00000000004131398105        0.00000000000652698233        0.00000000000023892109        0.00000000000008957278        0.00000000000005673566        0.00000000000004518293        0.00000000000004032764
        0.00000000000006326190        0.00000000000006324071        0.00000000000006890986        0.00000000000008259698        0.00000000000010822921        0.00000000000376940597        0.00000000000085633111        0.00000000000179488573        0.00000000004131398105       -0.00000000000000000305        0.00000000007673991923        0.00000000000145469163        0.00000000000029152823        0.00000000000012363732        0.00000000000008381145        0.00000000000006901654
        0.00000000000039923733        0.00000000000038229862        0.00000000000040057332        0.00000000000046130119        0.00000000000057327011        0.00000000001931583933        0.00000000000379230098        0.00000000000334381504        0.00000000000652698233        0.00000000007673991923       -0.00000000000000000075        0.00000000004575262037        0.00000000000284071766        0.00000000000099521935        0.00000000000059959716        0.00000000000045897843
        0.00000000000010471730        0.00000000000007657553        0.00000000000006127307        0.00000000000005139800        0.00000000000004057535        0.00000000000057224082        0.00000000000010870912        0.00000000000009763118        0.00000000000023892109        0.00000000000145469163        0.00000000004575262037       -0.00000000000000000193        0.00000000004281805376        0.00000000000183898881        0.00000000000040262210        0.00000000000016980967
        0.00000000000020512064        0.00000000000012985130        0.00000000000009497635        0.00000000000007333137        0.00000000000005142756        0.00000000000046078457        0.00000000000008304040        0.00000000000006198403        0.00000000000008957278        0.00000000000029152823        0.00000000000284071766        0.00000000004281805376       -0.00000000000000000111        0.00000000004301721283        0.00000000000193400302        0.00000000000045638572
        0.00000000000046854333        0.00000000000021309343        0.00000000000013444088        0.00000000000009497893        0.00000000000006131082        0.00000000000040021789        0.00000000000006931172        0.00000000000004777404        0.00000000000005673566        0.00000000000012363732        0.00000000000099521935        0.00000000000183898881        0.00000000004301721283        0.00000000000000000012        0.00000000004305853538        0.00000000000195223653
        0.00000000000195876615        0.00000000000047127952        0.00000000000021311828        0.00000000000012986590        0.00000000000007662767        0.00000000000038200787        0.00000000000006363170        0.00000000000004140416        0.00000000000004518293        0.00000000000008381145        0.00000000000059959716        0.00000000000040262210        0.00000000000193400302        0.00000000004305853538        0.00000000000000000420        0.00000000004300559111
        0.00000000004308007572        0.00000000000195760011        0.00000000000046844920        0.00000000000020509325        0.00000000000010476261        0.00000000000039884469        0.00000000000006365345        0.00000000000003921320        0.00000000000004032764        0.00000000000006901654        0.00000000000045897843        0.00000000000016980967        0.00000000000045638572        0.00000000000195223653        0.00000000004300559111        0.00000000000000000104
