       -0.00000000000000000372        0.00000000019453874948        0.00000000001795952645        0.00000000000749269960        0.00000000000445087137        0.00000000000317610866        0.00000000000255747676        0.00000000000226250257        0.00000000000217470148        0.00000000000226337076        0.00000000000255759890        0.00000000000317497106        0.00000000000444979448        0.00000000000749456083        0.00000000001797320848        0.00000000019452396669
        0.00000000019453874948        0.00000000000000000202        0.00000000020357946075        0.00000000001809381934        0.00000000000754851202        0.00000000000448482690        0.00000000000319980447        0.00000000000257591945        0.00000000000227989702        0.00000000000219246093        0.00000000000228126843        0.00000000000257715954        0.00000000000320092186        0.00000000000448971192        0.00000000000756630549        0.00000000001818601459
        0.00000000001795952645        0.00000000020357946075        0.00000000000000001395        0.00000000020565077864        0.00000000001807466606        0.00000000000753869779        0.00000000000447696760        0.00000000000319288577        0.00000000000257118798        0.00000000000227638115        0.00000000000218810984        0.00000000000227573236        0.00000000000257164188        0.00000000000319534463        0.00000000000448160660        0.00000000000755891225
        0.00000000000749269960        0.00000000001809381934        0.00000000020565077864        0.00000000000000001149        0.00000000020361037818        0.00000000001807255978        0.00000000000753577475        0.00000000000447417529        0.00000000000319229338        0.00000000000257160903        0.00000000000227584951        0.00000000000218680317        0.00000000000227522570        0.00000000000257223738        0.00000000000319603416        0.00000000000448669989
        0.00000000000445087137        0.00000000000754851202        0.00000000001807466606        0.00000000020361037818       -0.00000000000000000435        0.00000000020358041948        0.00000000001806901124        0.00000000000753327413        0.00000000000447478472        0.00000000000319374869        0.00000000000257170007        0.00000000000227514352        0.00000000000218697377        0.00000000000227638286        0.00000000000257338789        0.00000000000320025565
        0.00000000000317610866        0.00000000000448482690        0.00000000000753869779        0.00000000001807255978        0.00000000020358041948        0.00000000000000001030        0.00000000020329685174        0.00000000001806750604        0.00000000000753611619        0.00000000000447760840        0.00000000000319430195        0.00000000000257128362        0.00000000000227567363        0.00000000000218836765        0.00000000000227760694        0.00000000000257693862
        0.00000000000255747676        0.00000000000319980447        0.00000000000447696760        0.00000000000753577475        0.00000000001806901124        0.00000000020329685174        0.00000000000000000631        0.00000000020364353653        0.00000000001807499772        0.00000000000754006823        0.00000000000447763317        0.00000000000319327175        0.00000000000257147472        0.00000000000227669415        0.00000000000218903812        0.00000000000228013890
        0.00000000000226250257        0.00000000000257591945        0.00000000000319288577        0.00000000000447417529        0.00000000000753327413        0.00000000001806750604        0.00000000020364353653       -0.00000000000000000307        0.00000000020392364564        0.00000000001807552046        0.00000000000753623768        0.00000000000447420899        0.00000000000319223878        0.00000000000257159827        0.00000000000227645025        0.00000000000219055995
        0.00000000000217470148        0.00000000000227989702        0.00000000000257118798        0.00000000000319229338        0.00000000000447478472        0.00000000000753611619        0.00000000001807499772        0.00000000020392364564        0.00000000000000001286        0.00000000020357516124        0.00000000001806714290        0.00000000000753227507        0.00000000000447416215        0.00000000000319338630        0.00000000000257209511        0.00000000000227871446
        0.00000000000226337076        0.00000000000219246093        0.00000000000227638115        0.00000000000257160903        0.00000000000319374869        0.00000000000447760840        0.00000000000754006823        0.00000000001807552046        0.00000000020357516124       -0.00000000000000000013        0.00000000020329680793        0.00000000001806750675        0.00000000000753617476        0.00000000000447779401        0.00000000000319524440        0.00000000000257556193
        0.00000000000255759890        0.00000000000228126843        0.00000000000218810984        0.00000000000227584951        0.00000000000257170007        0.00000000000319430195        0.00000000000447763317        0.00000000000753623768        0.00000000001806714290        0.00000000020329680793       -0.00000000000000000485        0.00000000020364358261        0.00000000001807510609        0.00000000000754032026        0.00000000000447880938        0.00000000000319827602
        0.00000000000317497106        0.00000000000257715954        0.00000000000227573236        0.00000000000218680317        0.00000000000227514352        0.00000000000257128362        0.00000000000319327175        0.00000000000447420899        0.00000000000753227507        0.00000000001806750675        0.00000000020364358261        0.00000000000000003310        0.00000000020392381680        0.00000000001807587558        0.00000000000753786203        0.00000000000448062861
        0.00000000000444979448        0.00000000000320092186        0.00000000000257164188        0.00000000000227522570        0.00000000000218697377        0.00000000000227567363        0.00000000000257147472        0.00000000000319223878        0.00000000000447416215        0.00000000000753617476        0.00000000001807510609        0.00000000020392381680        0.00000000000000001871        0.00000000020357572935        0.00000000001806976787        0.00000000000754156011
        0.00000000000749456083        0.00000000000448971192        0.00000000000319534463        0.00000000000257223738        0.00000000000227638286        0.00000000000218836765        0.00000000000227669415        0.00000000000257159827        0.00000000000319338630        0.00000000000447779401        0.00000000000754032026        0.00000000001807587558        0.00000000020357572935        0.00000000000000002328        0.00000000020330250501        0.00000000001808335169
        0.00000000001797320848        0.00000000000756630549        0.00000000000448160660        0.00000000000319603416        0.00000000000257338789        0.00000000000227760694        0.00000000000218903812        0.00000000000227645025        0.00000000000257209511        0.00000000000319524440        0.00000000000447880938        0.00000000000753786203        0.00000000001806976787        0.00000000020330250501        0.00000000000000000167        0.00000000020354521088
        0.00000000019452396669        0.00000000001818601459        0.00000000000755891225        0.00000000000448669989        0.00000000000320025565        0.00000000000257693862        0.00000000000228013890        0.00000000000219055995        0.00000000000227871446        0.00000000000257556193        0.00000000000319827602        0.00000000000448062861        0.00000000000754156011        0.00000000001808335169        0.00000000020354521088        0.00000000000000001044
